name,white_pct,black_pct,am_indian_ak_native_pct,asian_pct,hi_pc_islander_pct,other_pct
Michigan,78.4,13.8,0.5,3.1,0.0,4.1
48001,97.0,0.1,0.6,0.6,0.1,1.6
48002,98.7,0.0,0.0,0.0,0.0,1.3
48003,98.7,0.0,0.1,1.0,0.0,0.2
48005,97.0,0.8,0.4,0.2,0.0,1.7
48006,96.6,0.4,0.0,0.3,0.0,2.7
48009,90.1,3.4,0.1,3.8,0.0,2.7
48014,92.0,0.2,0.1,0.0,0.0,7.6000000000000005
48015,70.2,21.9,0.0,3.9,0.1,3.9
48017,93.9,1.2,0.1,1.9,0.0,3.0
48021,45.6,47.9,1.3,0.8,0.0,4.3
48022,98.3,0.6,0.0,0.0,0.0,1.1
48023,98.4,1.0,0.1,0.0,0.0,0.6000000000000001
48025,83.0,9.5,0.5,3.2,0.0,3.6999999999999997
48026,89.4,5.0,0.4,2.1,0.0,3.1
48027,98.4,0.0,0.0,0.0,0.0,1.6
48028,98.2,0.0,0.4,0.0,0.0,1.4
48030,78.8,13.3,0.4,1.4,0.1,6.0
48032,94.0,1.5,0.5,1.2,0.3,2.5
48033,20.4,70.6,0.2,2.1,0.1,6.5
48034,20.3,69.6,0.2,4.2,0.0,5.6
48035,71.8,23.1,0.2,1.1,0.3,3.5
48036,71.5,21.6,1.2,2.4,0.0,3.3000000000000003
48038,80.9,13.6,0.4,2.6,0.0,2.6
48039,98.7,0.0,0.1,0.0,0.0,1.1
48040,96.1,0.5,0.2,0.0,0.0,3.2
48041,98.6,0.1,0.0,0.0,0.0,1.3
48042,92.7,2.4,0.1,3.3,0.0,1.4
48043,70.3,24.6,0.4,0.1,0.0,4.6
48044,87.6,6.9,0.1,2.8,0.0,2.6
48045,87.4,9.4,0.0,1.1,0.0,2.1
48047,89.9,5.3,0.4,1.2,0.0,3.1999999999999997
48048,87.1,6.5,0.1,0.0,0.0,6.3
48049,98.6,0.3,0.0,0.0,0.0,1.1
48050,97.5,0.0,1.1,0.0,0.0,1.4
48051,84.6,9.4,0.6,0.3,0.1,5.0
48054,96.4,0.9,0.0,0.5,0.0,2.1
48059,95.5,0.9,0.1,0.5,0.0,3.0
48060,83.9,7.6,0.2,1.3,0.1,6.8
48062,91.6,0.9,0.0,0.0,2.6,5.0
48063,95.0,2.6,0.0,0.0,0.0,2.4
48064,97.2,0.2,0.2,1.6,0.0,0.9
48065,93.3,2.8,0.0,1.3,0.0,2.6
48066,74.4,20.1,0.4,1.6,0.0,3.5
48067,90.6,3.0,0.0,3.4,0.0,3.0
48069,90.4,2.1,0.2,2.3,0.2,4.7
48070,93.7,1.6,0.0,2.1,0.0,2.6
48071,80.8,8.5,0.4,5.8,0.0,4.5
48072,92.2,3.2,0.3,1.2,0.0,3.1
48073,89.4,4.2,0.1,4.7,0.1,1.5
48074,95.8,0.1,0.2,0.4,0.0,3.5
48075,20.3,73.4,0.1,1.2,0.0,4.9
48076,30.5,63.9,0.2,2.1,0.0,3.4
48079,96.4,0.4,0.1,1.4,0.0,1.5999999999999999
48080,87.5,9.8,0.2,0.9,0.0,1.6
48081,94.2,3.1,0.1,0.5,0.0,2.0
48082,95.5,1.6,0.2,0.4,0.1,2.1
48083,67.5,4.3,0.1,24.6,0.0,3.4
48084,55.3,4.7,0.1,35.8,0.1,3.9
48085,74.6,3.3,0.9,19.3,0.0,1.8
48088,83.4,10.0,0.4,4.0,0.0,2.0999999999999996
48089,59.0,32.1,0.2,5.4,0.0,3.3000000000000003
48091,55.0,23.8,1.1,16.2,0.0,4.0
48092,73.5,9.1,0.1,14.3,0.1,2.9
48093,74.0,17.4,0.3,5.6,0.1,2.8
48094,94.7,1.7,0.0,1.4,0.0,2.1999999999999997
48095,94.3,0.9,0.1,2.3,0.0,2.4
48096,99.6,0.1,0.0,0.0,0.0,0.2
48097,96.9,0.2,0.3,0.2,0.0,2.3
48098,67.7,2.2,0.4,26.9,0.0,2.8000000000000003
48101,91.1,2.5,0.1,0.9,0.0,5.5
48103,79.2,4.4,0.7,10.5,0.0,5.2
48104,78.3,4.7,0.2,12.6,0.1,4.1
48105,58.5,6.4,0.2,30.8,0.0,4.2
48108,64.7,13.9,0.5,14.6,0.1,6.1
48109,66.7,7.4,0.4,21.3,0.0,4.1
48111,71.2,22.6,0.1,1.0,0.0,5.0
48114,97.2,1.3,0.2,0.4,0.0,0.7999999999999999
48116,96.2,0.5,0.3,1.3,0.0,1.8
48117,95.3,2.2,0.4,0.2,0.0,1.8
48118,96.0,1.0,0.1,0.9,0.0,2.1
48120,76.7,8.7,0.1,8.0,0.0,6.5
48122,68.2,16.2,0.2,1.6,0.0,13.7
48124,90.8,4.5,0.2,1.3,0.0,3.3
48125,86.2,7.0,0.8,0.9,0.0,5.1
48126,91.2,1.7,0.3,2.5,0.0,4.3
48127,86.3,8.4,0.1,2.1,0.3,2.9000000000000004
48128,96.3,1.8,0.0,0.7,0.0,1.2
48130,93.6,0.8,0.2,2.0,0.0,3.5
48131,97.5,0.8,0.2,0.4,0.0,1.0
48133,94.8,2.1,0.0,0.0,0.0,3.1
48134,88.0,6.6,0.2,1.4,0.0,3.8
48135,92.0,3.4,0.3,1.7,0.0,2.5999999999999996
48137,96.5,0.7,0.1,0.3,0.0,2.4
48138,95.7,0.7,0.1,2.5,0.0,0.9
48139,64.4,20.7,0.0,0.0,0.0,14.8
48140,99.9,0.1,0.0,0.0,0.0,0.0
48141,17.9,73.7,1.1,0.6,0.0,6.7
48143,,,,,,
48144,94.9,1.2,0.1,0.5,0.0,3.4
48145,98.7,0.1,0.1,0.2,0.0,0.7
48146,77.7,8.7,0.5,0.5,0.0,12.600000000000001
48150,91.2,3.9,0.1,2.3,0.0,2.6
48152,87.4,5.3,0.2,4.7,0.0,2.4000000000000004
48154,91.2,3.8,0.1,2.6,0.0,2.2
48157,96.4,0.0,0.0,0.2,0.2,3.2
48158,96.8,1.2,0.6,0.3,0.0,1.0
48159,95.7,1.7,0.0,0.8,0.0,1.8
48160,87.0,8.4,0.3,0.5,0.0,3.6999999999999997
48161,91.4,3.5,0.6,0.6,0.0,3.9
48162,93.1,3.8,0.3,0.3,0.0,2.5
48164,96.0,1.2,0.3,0.9,0.0,1.5999999999999999
48165,94.8,1.3,0.3,1.8,0.0,1.9
48166,93.3,3.4,0.3,0.4,0.0,2.6
48167,78.4,6.1,0.5,11.3,0.0,3.7
48168,78.7,2.3,0.2,15.7,0.0,3.2
48169,97.7,0.4,0.1,1.0,0.0,0.9
48170,92.9,1.4,0.1,3.6,0.0,1.9
48173,93.6,2.3,0.0,1.3,0.0,2.9
48174,61.6,32.4,0.1,2.1,0.0,3.8
48176,88.1,1.8,0.3,4.6,0.0,5.1
48177,100.0,0.0,0.0,0.0,0.0,0.0
48178,94.3,0.6,0.1,2.3,0.0,2.6
48179,92.3,2.4,0.8,1.4,0.0,3.0999999999999996
48180,75.3,19.1,0.4,1.5,0.0,3.8
48182,96.4,0.8,0.1,1.2,0.0,1.5
48183,89.8,5.0,0.1,2.6,0.0,2.6
48184,75.9,18.7,0.2,0.8,0.0,4.3
48185,73.5,17.1,0.4,6.1,0.0,2.9
48186,75.4,17.8,0.5,2.5,0.0,3.8
48187,71.6,7.9,0.1,16.5,0.0,3.9000000000000004
48188,63.2,10.9,0.4,22.1,0.0,3.5
48189,95.7,0.8,0.2,0.7,0.0,2.5999999999999996
48190,89.4,10.6,0.0,0.0,0.0,0.0
48191,86.1,3.7,0.6,0.2,0.0,9.5
48192,95.7,0.9,0.2,0.6,0.0,2.7
48193,87.0,6.6,0.1,4.0,0.0,2.3
48195,85.2,6.1,0.6,4.0,0.0,4.1
48197,63.4,24.6,0.3,5.0,0.1,6.5
48198,54.7,36.5,0.9,2.0,0.1,5.8
48201,27.4,58.3,0.2,9.6,0.1,4.4
48202,24.7,66.4,0.7,4.7,0.1,3.4
48203,7.1,90.2,0.1,0.2,0.1,2.4
48204,5.1,92.3,1.2,0.2,0.0,1.3
48205,3.6,94.6,0.2,0.7,0.1,0.8999999999999999
48206,5.9,90.0,0.3,1.1,0.0,2.6999999999999997
48207,17.7,77.5,0.3,2.2,0.0,2.3
48208,19.1,76.7,0.2,1.1,0.0,2.9
48209,50.8,10.1,1.0,0.1,0.0,38.0
48210,61.3,17.3,0.3,0.0,0.0,21.1
48211,39.3,51.4,0.2,1.9,0.0,7.2
48212,40.7,23.4,0.3,30.3,0.2,5.0
48213,2.5,97.0,0.2,0.1,0.0,0.30000000000000004
48214,18.0,79.6,0.2,0.4,0.0,1.7999999999999998
48215,9.7,87.8,0.0,0.3,0.0,2.2
48216,47.5,41.8,0.5,1.2,0.0,8.9
48217,12.5,80.1,0.0,0.0,0.0,7.5
48218,41.3,48.9,0.4,0.0,0.0,9.5
48219,6.3,91.1,0.4,0.4,0.0,1.7999999999999998
48220,78.9,14.7,0.8,1.1,0.0,4.5
48221,6.9,89.5,0.3,0.8,0.0,2.5
48223,7.6,88.2,0.6,0.4,0.0,3.2
48224,8.8,88.5,0.4,0.2,0.0,2.0
48225,31.8,61.0,0.3,2.2,0.0,4.8
48226,48.5,36.8,0.8,9.7,0.0,4.2
48227,1.5,96.4,0.3,0.0,0.0,1.7
48228,19.5,75.5,0.5,0.1,0.0,4.4
48229,39.8,41.3,2.4,0.0,1.1,15.4
48230,88.0,6.6,0.1,1.8,0.0,3.5
48233,,,,,,
48234,3.6,94.1,0.2,0.2,0.0,1.9
48235,2.1,95.8,0.3,0.2,0.0,1.7
48236,87.0,9.3,0.1,2.0,0.0,1.7
48237,37.2,56.1,0.1,1.6,0.0,4.8999999999999995
48238,1.9,96.1,0.2,0.4,0.0,1.4000000000000001
48239,45.7,49.5,0.4,0.5,0.0,4.0
48240,56.7,38.5,0.8,0.4,0.0,3.5999999999999996
48242,,,,,,
48243,,,,,,
48301,85.4,5.6,0.1,5.4,0.0,3.5
48302,77.1,7.6,0.5,10.6,0.0,4.1
48304,81.9,7.3,0.3,7.5,0.0,3.0999999999999996
48306,86.6,2.7,0.1,8.5,0.0,2.1
48307,80.5,4.5,0.2,11.9,0.0,3.0
48309,82.2,3.8,0.2,10.8,0.0,3.0999999999999996
48310,79.6,5.2,0.5,11.3,0.0,3.4
48312,79.4,8.4,0.1,8.6,0.0,3.5
48313,90.5,5.2,0.3,1.8,0.0,2.1
48314,85.7,4.4,0.1,8.0,0.0,1.7
48315,91.6,2.5,0.0,3.7,0.0,2.2
48316,93.5,1.0,0.1,2.8,0.0,2.6
48317,84.8,3.7,0.1,7.8,0.2,3.2
48320,93.6,3.7,0.5,1.5,0.0,0.7
48322,66.2,18.5,0.4,11.6,0.0,3.3000000000000003
48323,81.5,10.5,0.1,6.6,0.0,1.3
48324,86.5,3.8,0.1,6.4,0.0,3.2
48326,60.3,16.4,0.3,18.2,0.2,4.7
48327,89.6,5.2,0.3,1.4,0.1,3.3
48328,80.9,7.6,0.5,2.9,0.1,8.1
48329,90.4,3.7,0.7,1.6,0.0,3.7
48331,70.2,16.0,0.0,11.3,0.0,2.4
48334,61.5,22.9,1.0,12.1,0.1,2.4
48335,49.3,16.9,0.0,29.0,0.2,4.5
48336,71.6,19.9,0.3,5.4,0.0,2.8
48340,51.6,34.1,0.4,2.7,0.1,10.899999999999999
48341,29.6,60.2,0.9,1.4,0.0,7.9
48342,26.5,65.3,0.2,0.9,0.0,7.2
48346,88.7,5.3,0.1,1.9,0.0,4.0
48348,94.2,1.5,0.0,2.2,0.0,2.2
48350,89.1,2.4,0.3,0.8,0.0,7.4
48353,97.7,0.8,0.3,0.2,0.0,1.0
48356,97.9,0.6,0.1,0.3,0.0,1.1
48357,95.8,0.6,0.4,0.7,0.0,2.5
48359,83.2,6.0,0.6,5.5,0.0,4.7
48360,90.9,2.3,0.1,3.5,0.0,3.2
48362,93.5,1.4,0.0,2.2,0.1,2.8
48363,89.7,0.3,0.0,8.2,0.0,1.7
48367,98.3,0.2,0.0,0.2,0.0,1.3
48370,96.1,0.8,0.0,2.1,0.0,1.0
48371,95.6,0.5,0.0,1.6,0.0,2.2
48374,66.5,4.4,0.2,26.1,0.0,2.7
48375,63.6,6.6,0.4,24.7,0.1,4.6
48377,62.7,11.3,0.7,22.0,0.0,3.2
48380,96.7,0.8,0.3,0.8,0.0,1.4000000000000001
48381,94.9,0.8,0.5,1.3,0.0,2.5
48382,91.2,2.1,0.2,3.2,0.0,3.3
48383,97.3,1.1,0.1,0.8,0.0,0.7
48386,95.5,0.8,0.4,1.3,0.0,2.0
48390,87.2,4.1,0.2,5.4,0.0,3.1
48393,76.0,14.5,0.4,6.0,0.0,3.1
48397,,,,,,
48401,97.0,0.6,1.6,0.1,0.0,0.8
48411,100.0,0.0,0.0,0.0,0.0,0.0
48412,99.5,0.1,0.4,0.0,0.0,0.0
48413,95.7,0.2,0.1,1.3,0.0,2.7
48414,98.8,0.0,0.0,0.1,0.0,1.2
48415,98.3,1.2,0.0,0.0,0.0,0.4
48416,97.5,0.1,0.1,0.2,0.0,2.1
48417,94.9,1.3,0.0,0.0,0.0,3.6999999999999997
48418,97.6,0.0,1.1,0.6,0.0,0.7999999999999999
48419,98.8,0.0,0.4,0.1,0.0,0.7
48420,94.9,1.4,0.5,0.3,0.1,2.8
48421,96.4,0.3,1.1,0.0,0.0,2.2
48422,92.5,0.3,1.0,0.2,0.0,6.0
48423,93.3,2.2,0.3,1.4,0.1,2.7
48426,99.1,0.0,0.0,0.0,0.0,0.9
48427,97.2,0.2,0.5,0.1,0.0,1.9000000000000001
48428,97.4,0.0,0.1,1.0,0.0,1.5
48429,95.1,0.0,0.6,0.5,0.0,3.8000000000000003
48430,95.8,1.1,0.2,0.3,0.0,2.7
48432,98.0,0.0,0.0,0.2,0.0,1.9
48433,91.1,4.3,0.7,0.6,0.1,3.2
48434,97.8,0.0,0.0,2.2,0.0,0.0
48435,98.6,0.6,0.5,0.0,0.0,0.3
48436,98.5,0.7,0.0,0.3,0.0,0.5
48437,90.3,0.0,0.0,0.0,0.0,9.7
48438,97.4,0.7,0.1,0.0,0.0,1.8
48439,84.2,10.2,0.2,3.2,0.0,2.3000000000000003
48440,93.3,6.7,0.0,0.0,0.0,0.0
48441,96.0,0.8,0.8,0.9,0.0,1.5
48442,93.9,2.8,0.2,0.7,0.0,2.4
48444,94.2,0.1,0.5,0.2,0.0,5.0
48445,96.4,0.0,0.0,0.5,0.0,3.1
48446,93.5,3.2,0.2,0.7,0.1,2.3
48449,95.4,0.7,0.1,0.1,0.0,3.7
48450,99.5,0.2,0.1,0.0,0.0,0.2
48451,95.3,1.0,0.3,0.9,0.0,2.4
48453,96.1,0.9,0.2,0.5,0.0,2.2
48454,99.2,0.0,0.0,0.2,0.0,0.7
48455,96.2,0.2,0.3,1.9,0.0,1.4
48456,98.2,0.0,0.0,0.0,0.0,1.8
48457,94.8,1.5,0.8,0.2,0.0,2.7
48458,71.6,21.6,0.6,0.4,0.0,5.7
48460,95.8,2.2,0.1,0.1,0.0,1.7
48461,98.4,0.4,0.1,0.0,0.0,1.1
48462,95.9,0.7,0.0,0.5,0.0,2.8
48463,95.1,0.9,0.0,2.1,0.0,1.7999999999999998
48464,93.4,0.2,1.6,0.2,0.1,4.5
48465,92.5,0.0,0.0,0.0,0.0,7.5
48466,94.2,2.4,0.0,0.1,0.0,3.3000000000000003
48467,98.9,0.0,0.1,0.0,0.0,1.0
48468,96.7,0.0,1.0,0.1,0.0,2.2
48469,96.9,0.0,0.0,0.2,0.0,2.8
48470,98.4,1.1,0.0,0.3,0.0,0.3
48471,95.7,1.2,0.1,0.7,0.0,2.3
48472,98.6,0.6,0.0,0.3,0.0,0.5
48473,92.1,4.7,0.0,0.9,0.0,2.3000000000000003
48475,99.6,0.3,0.0,0.0,0.0,0.1
48476,100.0,0.0,0.0,0.0,0.0,0.0
48502,53.6,44.1,0.0,1.0,0.0,1.4
48503,44.9,49.0,0.1,1.1,0.0,4.8999999999999995
48504,28.0,67.0,0.2,0.5,0.0,4.3
48505,12.5,80.0,0.2,0.1,0.0,7.1000000000000005
48506,79.0,12.5,1.0,0.2,0.0,7.4
48507,69.2,26.4,0.2,0.5,0.0,3.6
48509,90.5,4.3,0.0,2.1,0.0,3.0
48519,88.3,6.8,0.0,1.0,0.0,4.0
48529,84.8,11.9,0.3,0.1,0.0,2.8
48532,55.2,33.5,1.0,1.8,0.0,8.5
48551,,,,,,
48553,,,,,,
48554,,,,,,
48601,30.6,62.5,0.3,0.1,0.0,6.5
48602,67.2,21.4,0.5,0.5,0.0,10.3
48603,80.2,9.7,0.4,4.7,0.0,5.0
48604,83.9,11.7,0.3,1.6,0.0,2.5
48607,35.3,54.0,0.8,0.7,0.0,9.0
48609,97.4,0.5,0.2,0.7,0.0,1.3
48610,96.3,0.4,1.7,0.8,0.0,0.7
48611,99.0,0.0,0.1,0.2,0.0,0.6
48612,97.6,0.0,0.7,0.0,0.0,1.6
48613,94.9,0.0,0.0,0.5,0.0,4.6
48614,96.5,0.0,0.3,0.0,0.0,3.2
48615,97.0,0.0,0.3,0.2,0.5,2.1
48616,95.8,0.5,0.0,0.3,0.0,3.4
48617,98.0,0.2,0.5,0.1,0.0,1.2000000000000002
48618,96.7,0.0,0.5,0.3,0.0,2.5
48619,97.3,0.0,0.0,0.0,0.0,2.8
48621,97.6,0.5,0.2,0.0,0.3,1.4
48622,97.0,1.2,0.6,0.2,0.0,0.8999999999999999
48623,91.6,4.1,0.6,1.3,0.0,2.4
48624,96.8,0.5,0.3,0.8,0.0,1.5999999999999999
48625,95.8,0.7,0.7,0.2,0.0,2.6
48626,98.4,0.7,0.0,0.2,0.0,0.7
48627,75.6,12.2,0.0,0.0,0.0,12.2
48628,96.2,0.0,0.4,1.0,0.0,2.5
48629,98.3,0.0,0.4,0.1,0.0,1.2
48630,100.0,0.0,0.0,0.0,0.0,0.0
48631,99.4,0.0,0.0,0.0,0.0,0.6
48632,92.4,0.0,1.5,0.0,0.0,6.1000000000000005
48633,100.0,0.0,0.0,0.0,0.0,0.0
48634,99.1,0.0,0.4,0.0,0.0,0.5
48635,98.3,0.0,0.7,0.8,0.0,0.3
48636,98.0,0.0,0.0,0.0,0.0,2.0
48637,96.6,0.1,0.6,0.0,0.0,2.7
48638,80.7,11.9,0.3,2.8,0.1,4.1000000000000005
48640,93.4,1.9,0.2,1.9,0.1,2.5
48642,90.6,1.5,0.6,3.9,0.1,3.3
48647,96.2,0.7,1.1,0.3,0.0,1.7
48649,99.1,0.2,0.4,0.2,0.0,0.2
48650,97.5,0.6,0.3,0.0,0.0,1.6
48651,96.1,0.0,0.7,1.0,0.0,2.3
48652,96.5,0.0,0.7,0.0,0.0,2.8
48653,95.0,0.2,1.3,0.0,0.0,3.5
48654,97.4,0.4,1.0,0.0,0.0,1.1
48655,96.6,0.5,0.1,0.3,0.0,2.5
48656,96.9,0.0,0.0,0.3,0.0,2.8
48657,97.2,0.7,0.2,0.0,0.0,2.0
48658,95.8,0.5,1.9,0.4,0.0,1.3
48659,97.8,0.0,0.8,0.0,0.0,1.5
48661,96.1,0.5,0.7,1.2,0.0,1.5
48662,98.0,0.0,0.1,0.0,0.0,1.9
48667,,,,,,
48701,89.0,1.0,0.3,0.5,0.0,9.3
48703,96.6,0.3,0.2,0.2,0.0,2.7
48705,94.1,0.0,1.0,0.0,0.0,4.9
48706,94.7,1.6,0.2,0.8,0.0,2.7
48708,91.6,3.2,0.8,0.6,0.0,3.8
48710,,,,,,
48720,97.7,0.0,0.5,1.1,0.0,0.8
48721,98.7,0.0,0.0,0.0,0.0,1.3
48722,90.4,7.1,0.4,0.0,0.0,2.2
48723,96.1,1.3,0.5,0.4,0.0,1.7000000000000002
48724,86.4,13.6,0.0,0.0,0.0,0.0
48725,96.8,0.5,0.1,1.3,0.0,1.3
48726,98.1,0.6,0.2,0.3,0.0,0.7
48727,97.4,0.0,0.0,0.0,0.2,2.4000000000000004
48728,100.0,0.0,0.0,0.0,0.0,0.0
48729,98.7,0.0,0.0,0.0,0.0,1.3
48730,95.8,0.6,1.4,1.1,0.0,1.1
48731,99.1,0.8,0.1,0.0,0.0,0.0
48732,94.0,2.5,0.2,0.3,0.0,3.0
48733,95.8,1.6,0.6,0.0,0.0,2.0
48734,98.7,0.2,0.3,0.2,0.0,0.5
48735,98.7,0.3,0.0,0.0,0.0,1.1
48737,98.1,0.0,0.7,0.5,0.0,0.7
48738,98.5,0.6,0.0,0.0,0.0,0.9
48739,96.6,0.0,1.9,0.0,0.0,1.4
48740,96.1,0.8,0.7,0.5,0.0,1.9000000000000001
48741,96.1,0.8,0.6,0.0,0.2,2.3
48742,98.3,0.2,0.2,0.0,0.0,1.4
48743,100.0,0.0,0.0,0.0,0.0,0.0
48744,97.3,0.8,0.1,0.2,0.0,1.7000000000000002
48745,92.8,0.7,2.4,2.0,0.3,1.8
48746,96.7,0.2,0.4,0.8,0.0,1.9
48747,97.6,0.2,1.2,0.8,0.0,0.2
48748,98.1,0.5,0.1,0.1,0.0,1.2
48749,95.7,1.3,0.9,0.5,0.0,1.6
48750,94.3,1.1,1.0,1.1,0.0,2.5
48754,95.4,0.1,0.3,0.0,0.0,4.1
48755,96.0,1.1,0.3,0.4,0.0,2.2
48756,96.3,0.1,1.6,0.0,0.0,2.1
48757,97.1,0.6,0.5,0.3,0.0,1.6
48759,98.0,1.1,0.0,0.2,0.0,0.8
48760,92.5,5.8,0.0,0.3,0.0,1.5
48761,96.3,0.0,1.5,0.0,0.0,2.1
48762,95.4,0.3,0.0,0.0,2.9,1.5
48763,95.5,1.1,0.4,0.4,0.0,2.5
48765,94.7,0.1,1.8,0.3,0.0,3.1
48766,95.4,0.0,4.6,0.0,0.0,0.0
48767,96.7,0.0,0.0,0.2,0.0,3.0
48768,94.2,1.4,0.1,0.1,0.0,4.2
48770,99.0,0.0,0.1,0.0,0.0,0.8999999999999999
48801,95.7,2.2,0.6,0.5,0.0,1.0
48806,93.0,1.1,0.3,2.8,0.0,2.8
48807,99.4,0.2,0.0,0.0,0.0,0.4
48808,93.2,0.6,0.1,1.0,0.0,5.0
48809,95.9,0.0,0.0,0.1,0.0,3.9
48811,75.8,19.9,0.3,0.2,0.1,3.7
48813,96.0,0.8,0.7,0.4,0.0,2.0
48815,96.1,0.0,0.0,0.9,0.0,3.0
48816,100.0,0.0,0.0,0.0,0.0,0.0
48817,95.7,1.8,0.0,0.0,0.0,2.6
48818,98.5,0.0,0.4,0.6,0.0,0.6
48819,95.5,0.0,0.7,0.5,0.3,2.9
48820,93.9,2.4,0.4,1.3,0.0,1.9
48821,88.8,2.7,0.4,3.5,0.0,4.6
48822,93.5,3.4,0.2,0.0,0.0,2.8
48823,76.8,6.1,0.2,12.3,0.0,4.5
48825,74.2,6.8,0.2,12.3,0.0,6.4
48827,96.5,1.2,0.2,0.5,0.0,1.6
48829,97.5,0.0,1.8,0.0,0.0,0.5
48831,91.1,1.0,0.0,0.2,0.0,7.6000000000000005
48832,95.2,0.0,0.0,0.0,0.0,4.8
48834,95.9,2.3,0.0,0.5,0.0,1.2
48835,95.5,0.3,0.0,0.1,0.0,4.1
48836,95.8,0.1,1.1,0.7,0.0,2.3
48837,94.5,0.7,0.1,0.7,0.1,3.8
48838,96.0,0.5,0.1,0.4,0.2,2.9
48840,88.2,3.8,0.2,3.2,0.0,4.6
48841,97.0,0.0,1.2,0.0,0.0,1.8
48842,82.8,7.4,0.2,4.2,0.0,5.3
48843,95.9,0.5,0.2,1.0,0.2,2.1999999999999997
48845,95.9,0.7,0.6,0.4,0.0,2.4
48846,83.6,12.6,0.3,0.3,0.0,3.2
48847,95.1,0.9,1.8,0.1,0.0,2.1
48848,97.5,1.2,0.1,0.3,0.0,1.0
48849,93.3,2.6,0.5,0.7,0.0,2.9
48850,96.9,0.3,0.2,0.2,0.0,2.5
48851,96.1,0.4,0.1,0.5,0.0,2.9
48852,95.8,0.0,0.0,0.0,0.0,4.2
48853,100.0,0.0,0.0,0.0,0.0,0.0
48854,93.0,2.5,0.2,1.8,0.0,2.5
48855,95.2,0.5,0.1,1.6,0.0,2.6999999999999997
48856,96.5,0.0,0.0,0.0,0.0,3.5
48857,97.2,0.0,0.3,0.2,0.0,2.3
48858,85.1,3.6,4.0,2.5,0.0,4.9
48860,94.9,0.3,0.0,0.3,0.0,4.4
48861,95.8,0.1,0.0,0.2,0.0,3.9
48864,69.3,4.4,0.6,21.0,0.0,4.8
48865,92.0,0.6,0.5,0.2,0.0,6.7
48866,97.3,0.7,0.3,0.8,0.0,0.8999999999999999
48867,96.6,0.8,0.1,0.2,0.1,2.1999999999999997
48870,98.4,0.0,0.0,0.0,0.0,1.6
48871,96.8,0.4,0.0,0.0,0.0,2.8
48872,98.1,0.5,0.4,0.0,0.0,1.1
48873,99.9,0.0,0.0,0.0,0.0,0.1
48874,35.1,64.9,0.0,0.0,0.0,0.0
48875,95.0,1.7,0.0,1.0,0.1,2.2
48876,92.9,2.7,1.2,0.0,0.0,3.2
48877,96.9,0.1,0.4,0.5,0.0,2.0
48878,93.2,0.9,3.1,0.6,0.0,2.2
48879,97.4,0.7,0.1,0.3,0.0,1.4000000000000001
48880,76.3,18.8,0.6,0.6,0.2,3.6
48881,96.9,0.2,0.1,0.2,0.0,2.5
48883,95.7,0.6,0.7,0.1,0.0,3.0
48884,97.5,0.2,0.0,0.3,0.1,1.8
48885,95.0,0.0,0.0,2.9,0.0,2.2
48886,91.6,2.2,4.2,0.0,0.0,2.0
48888,97.6,0.7,0.1,0.1,0.0,1.5
48889,96.4,0.4,0.0,0.0,0.0,3.2
48890,95.9,0.0,0.0,0.0,0.0,4.0
48891,98.1,0.5,0.2,0.1,0.1,1.0
48892,97.1,0.0,0.0,0.0,0.0,2.9
48893,96.4,0.0,1.3,0.0,0.0,2.3000000000000003
48894,99.0,0.0,0.0,0.0,0.0,1.0
48895,95.8,0.8,0.1,0.9,0.0,2.4
48896,96.7,0.0,2.0,0.0,0.0,1.3
48897,97.3,0.0,0.2,0.1,0.0,2.5
48906,72.2,14.4,0.6,1.9,0.0,10.8
48910,68.6,17.0,0.7,3.8,0.0,9.9
48911,56.0,28.1,0.4,7.1,0.1,8.399999999999999
48912,69.1,17.8,0.8,3.3,0.2,9.0
48915,48.6,31.0,0.4,4.3,0.0,15.600000000000001
48917,73.7,13.9,0.7,5.9,0.0,5.7
48921,,,,,,
48933,48.1,34.2,1.2,3.3,0.5,12.6
49001,69.5,23.9,0.0,0.6,0.0,6.0
49002,87.7,4.9,0.5,1.7,0.0,5.1
49004,84.2,10.4,0.2,0.9,0.0,4.3999999999999995
49006,74.0,14.4,0.2,4.0,0.0,7.5
49007,42.6,46.4,0.2,1.3,0.0,9.4
49008,80.5,9.7,0.2,3.2,0.0,6.3999999999999995
49009,83.9,7.2,0.2,3.6,0.1,5.1000000000000005
49010,91.5,3.6,0.4,1.2,0.0,3.3000000000000003
49011,94.7,2.2,0.6,0.0,0.0,2.4
49012,95.6,1.0,0.2,0.4,0.0,2.7
49013,77.6,5.5,0.3,0.8,0.0,15.8
49014,82.2,10.3,1.0,2.0,0.0,4.5
49015,79.3,7.3,0.8,5.6,0.1,7.0
49017,82.0,9.8,0.7,0.2,0.0,7.2
49021,93.4,3.0,0.3,0.1,0.0,3.1
49022,42.3,52.5,0.1,0.2,0.1,4.9
49024,86.1,5.3,0.4,3.7,0.0,4.5
49026,86.3,8.8,0.3,0.0,0.0,4.6
49027,72.1,0.0,13.5,0.0,0.0,14.399999999999999
49028,95.2,0.2,0.2,0.2,0.2,3.9000000000000004
49029,98.2,0.4,0.3,0.0,0.0,1.2
49030,95.2,0.7,0.0,0.7,0.0,3.4000000000000004
49031,80.8,13.5,0.9,0.8,0.0,4.0
49032,95.2,2.6,0.1,0.0,0.0,2.1
49033,90.7,5.4,0.6,2.2,0.0,1.1
49034,96.3,0.3,0.0,1.2,0.0,2.3
49036,91.0,4.3,0.6,1.2,0.0,2.9
49037,64.5,23.9,0.2,4.8,0.0,6.7
49038,93.5,2.1,0.0,0.2,0.0,4.2
49040,98.9,0.0,0.0,0.1,0.0,1.0
49042,95.1,0.1,0.0,0.6,0.0,4.1000000000000005
49043,53.0,23.8,0.2,0.3,0.0,22.700000000000003
49045,82.4,2.4,6.5,0.7,0.0,8.1
49046,94.5,1.4,0.6,0.0,0.0,3.5
49047,82.6,7.2,2.5,0.5,0.0,7.3
49048,67.9,21.7,0.3,2.3,0.3,7.5
49050,92.5,1.8,0.0,0.0,0.0,5.7
49051,92.0,1.2,0.0,1.0,0.0,5.8
49052,92.4,0.9,2.7,0.2,0.0,3.9
49053,91.8,2.7,0.2,1.2,0.0,4.1
49055,94.6,0.5,0.5,0.2,0.2,4.0
49056,88.0,2.2,3.5,0.2,0.0,6.1
49057,77.4,0.9,1.7,0.2,0.1,19.7
49058,96.4,0.0,0.7,1.3,0.0,1.5
49060,98.2,0.8,0.0,0.3,0.0,0.6
49061,98.3,1.0,0.4,0.0,0.0,0.2
49064,86.7,0.8,0.1,0.1,0.0,12.3
49065,91.9,1.2,0.2,0.2,0.0,6.6
49066,98.2,0.4,0.7,0.0,0.0,0.7
49067,96.1,0.8,1.1,0.7,0.0,1.4000000000000001
49068,98.0,0.3,0.0,0.8,0.0,0.7999999999999999
49070,99.3,0.0,0.0,0.0,0.0,0.7
49071,91.7,1.1,0.0,1.5,0.0,5.6
49072,97.8,0.6,0.1,0.3,0.0,1.1
49073,97.3,0.0,0.3,0.2,0.0,2.1
49074,86.2,5.0,0.0,0.0,0.0,8.8
49075,100.0,0.0,0.0,0.0,0.0,0.0
49076,93.1,3.4,0.7,0.1,0.0,2.6
49078,94.5,0.7,0.1,0.6,0.0,4.1
49079,93.3,0.9,0.4,0.4,0.0,5.0
49080,94.5,0.9,0.3,0.0,0.0,4.4
49082,98.8,0.2,0.1,0.1,0.0,0.9
49083,95.6,0.4,0.0,1.9,0.2,1.9
49084,59.0,0.0,0.0,0.0,0.0,41.0
49085,88.1,2.4,0.5,5.9,0.0,3.0999999999999996
49087,95.3,0.6,0.1,0.4,0.0,3.6
49088,93.9,0.8,0.0,2.9,0.0,2.4
49089,96.7,0.0,0.5,0.0,0.0,2.8
49090,83.6,6.9,0.2,1.8,0.0,7.5
49091,91.6,0.6,0.7,0.0,0.2,7.0
49092,96.9,0.3,0.3,0.0,0.0,2.5
49093,86.8,6.0,0.1,1.2,0.0,5.8999999999999995
49094,97.4,0.1,0.2,0.6,0.0,1.6
49095,85.2,5.5,0.0,2.1,0.0,7.199999999999999
49096,95.7,0.0,0.7,0.1,0.1,3.3000000000000003
49097,97.8,0.2,0.2,0.3,0.0,1.6
49098,87.9,5.0,0.6,0.5,0.0,6.0
49099,96.4,0.1,0.6,0.4,0.0,2.6
49101,95.4,0.9,0.0,0.2,0.0,3.6
49102,86.4,5.0,0.0,0.4,0.0,8.2
49103,70.0,14.7,0.9,6.7,0.0,7.5
49104,48.1,29.2,0.0,12.0,0.0,10.7
49106,96.5,1.1,0.0,0.7,0.0,1.7
49107,88.1,6.1,0.7,0.2,0.0,4.9
49111,88.7,3.6,0.6,0.4,0.0,6.6
49112,94.3,0.6,0.4,1.3,0.0,3.4000000000000004
49113,97.2,0.6,0.2,0.4,0.0,1.6
49115,95.9,4.1,0.0,0.0,0.0,0.0
49116,100.0,0.0,0.0,0.0,0.0,0.0
49117,92.7,1.0,0.0,2.6,0.0,3.7
49119,93.9,0.0,0.0,0.0,0.0,6.1
49120,88.5,6.6,0.6,0.6,0.0,3.7
49125,99.3,0.0,0.0,0.0,0.0,0.6000000000000001
49126,85.1,3.7,0.3,0.0,0.0,10.9
49127,91.9,3.2,0.1,2.5,0.0,2.4
49128,97.4,0.3,0.4,0.3,0.0,1.7
49129,93.4,6.6,0.0,0.0,0.0,0.0
49130,97.0,0.0,0.0,3.0,0.0,0.0
49201,84.3,10.3,0.6,0.9,0.0,3.8
49202,84.4,8.5,0.4,1.5,0.0,5.1
49203,79.8,13.7,0.2,0.9,0.1,5.4
49220,97.7,0.1,0.9,0.1,0.0,1.2
49221,89.1,5.3,0.5,0.3,0.0,4.9
49224,75.0,19.6,0.5,0.3,0.0,4.5
49227,97.9,0.3,0.0,0.6,0.0,1.2000000000000002
49228,97.3,0.7,0.5,0.1,0.0,1.4
49229,95.3,0.1,0.0,0.1,0.0,4.5
49230,94.9,2.5,0.2,0.9,0.0,1.6
49232,98.9,0.0,0.1,0.0,0.0,0.9
49233,98.3,0.5,0.6,0.0,0.0,0.6
49234,96.2,0.9,0.2,0.3,0.0,2.5
49235,96.7,0.3,0.0,0.0,0.0,3.0
49236,95.2,1.3,0.3,0.7,0.0,2.4000000000000004
49237,93.7,3.8,0.2,0.8,0.0,1.5
49238,97.5,0.7,0.1,0.0,0.0,1.8
49240,97.6,0.2,0.2,1.2,0.0,0.8
49241,98.4,0.5,0.0,0.0,0.0,1.1
49242,95.9,1.2,0.1,0.9,0.0,1.9000000000000001
49245,97.3,0.0,0.6,0.0,0.0,2.1
49246,98.8,0.0,0.0,0.5,0.0,0.7
49247,96.7,0.1,0.9,0.1,0.0,2.3
49248,97.2,2.4,0.4,0.0,0.0,0.0
49249,97.0,0.7,0.7,0.3,0.0,1.3
49250,94.8,1.2,1.0,0.5,0.0,2.4
49251,95.9,0.7,0.0,0.0,0.1,3.4
49252,96.8,0.3,1.5,0.0,0.0,1.4
49253,99.3,0.3,0.3,0.0,0.0,0.1
49254,96.2,1.7,0.0,0.0,0.0,2.2
49255,99.1,0.0,0.1,0.3,0.0,0.5
49256,94.8,0.0,0.6,0.5,0.0,4.0
49259,97.5,0.6,0.2,0.0,0.0,1.7000000000000002
49261,100.0,0.0,0.0,0.0,0.0,0.0
49262,98.5,0.1,0.0,0.0,0.0,1.5
49263,100.0,0.0,0.0,0.0,0.0,0.0
49264,98.5,0.3,0.0,0.0,0.0,1.2
49265,93.0,1.3,0.3,0.3,0.0,5.0
49266,98.1,0.9,0.0,0.0,0.0,1.0
49267,95.3,1.4,0.0,1.4,0.0,2.0
49268,87.2,0.4,4.5,2.2,0.0,5.8
49269,97.4,0.5,0.3,0.0,0.0,1.7000000000000002
49270,96.3,0.6,0.2,0.3,0.0,2.6
49271,93.3,0.5,0.4,0.0,0.0,5.8
49272,96.8,1.3,0.0,0.0,0.0,1.8
49274,99.0,0.2,0.1,0.0,0.0,0.7
49276,95.2,0.5,0.0,2.5,0.0,1.9
49277,94.0,0.7,0.0,0.0,0.0,5.3
49279,95.9,3.2,0.0,0.0,0.0,0.9
49282,100.0,0.0,0.0,0.0,0.0,0.0
49283,91.9,2.5,0.2,0.7,0.2,4.5
49284,95.2,0.8,0.5,0.2,0.0,3.4
49285,96.6,0.6,0.5,0.9,0.0,1.4
49286,95.9,0.4,0.4,0.3,0.1,2.8000000000000003
49287,93.9,0.5,0.0,0.7,0.0,4.9
49288,97.5,1.0,0.0,0.0,0.0,1.6
49289,100.0,0.0,0.0,0.0,0.0,0.0
49301,91.9,1.6,0.1,4.6,0.0,1.7000000000000002
49302,97.1,0.0,0.4,0.5,0.0,2.0
49303,96.6,2.7,0.0,0.0,0.0,0.7
49304,74.6,17.4,1.1,0.1,0.3,6.5
49305,94.3,0.7,2.0,0.2,0.0,2.8
49306,94.4,0.3,0.8,1.3,0.1,3.0999999999999996
49307,89.6,5.1,1.0,1.6,0.0,2.8
49309,88.5,6.0,1.5,1.0,0.0,3.1
49310,97.2,0.9,0.6,0.0,0.0,1.4
49312,95.2,4.1,0.0,0.0,0.0,0.7
49315,91.3,1.4,0.5,3.6,0.0,3.2
49316,90.4,2.7,0.1,3.8,0.0,3.0
49318,96.6,1.9,0.0,0.3,0.0,1.1
49319,96.1,0.8,0.0,0.7,0.0,2.5
49320,100.0,0.0,0.0,0.0,0.0,0.0
49321,88.2,4.6,0.5,1.9,0.0,4.8
49322,97.0,1.4,0.0,0.0,0.0,1.6
49323,96.5,0.2,0.1,0.4,0.0,2.6
49325,98.5,0.2,0.3,0.0,0.0,1.0
49326,94.3,4.4,0.0,0.0,0.0,1.3
49327,91.1,0.5,0.4,0.7,0.0,7.4
49328,96.2,1.7,0.6,0.0,0.0,1.5
49329,97.2,0.3,0.8,0.3,0.0,1.5
49330,94.5,1.9,0.1,0.0,0.0,3.5
49331,95.5,0.9,0.0,0.3,0.0,3.3
49332,95.6,1.4,0.1,0.0,0.0,2.9
49333,96.4,0.4,0.2,0.3,0.0,2.8
49335,100.0,0.0,0.0,0.0,0.0,0.0
49336,96.3,0.4,0.7,0.6,0.0,2.1
49337,94.7,0.9,0.3,0.1,0.1,3.7
49338,93.6,5.9,0.0,0.0,0.0,0.5
49339,90.6,1.3,0.7,0.1,0.0,7.3
49340,91.0,1.5,0.6,0.4,0.0,6.5
49341,95.2,0.7,0.1,1.2,0.0,2.8
49342,96.0,0.6,0.0,0.5,0.0,3.0
49343,98.0,0.6,0.1,0.2,0.0,1.0
49344,92.1,4.0,1.3,0.2,0.0,2.5
49345,97.9,0.5,0.0,0.3,0.0,1.2000000000000002
49346,97.7,0.6,0.0,0.0,0.1,1.6
49347,95.5,0.0,3.6,0.7,0.0,0.2
49348,93.6,1.5,0.1,0.8,0.0,4.0
49349,92.5,2.3,2.1,0.3,0.0,2.8
49401,88.4,3.6,0.6,1.6,0.1,5.7
49402,93.0,2.7,0.2,0.9,0.0,3.2
49403,97.5,0.1,1.1,0.9,0.0,0.4
49404,94.8,0.1,1.0,0.4,0.0,3.8000000000000003
49405,94.4,3.9,1.3,0.0,0.0,0.4
49406,97.9,0.0,0.4,1.7,0.0,0.0
49408,91.6,0.7,0.3,0.4,0.0,7.1
49410,92.3,0.6,0.0,0.2,0.0,6.9
49411,94.1,1.1,0.6,0.0,0.0,4.3
49412,92.7,1.2,0.9,0.6,0.0,4.6
49415,97.2,0.9,0.1,0.3,0.0,1.5
49417,95.6,0.4,0.3,0.9,0.0,2.7
49418,89.1,1.2,0.5,2.9,0.0,6.4
49419,97.1,0.1,0.0,0.1,0.0,2.7
49420,91.5,3.2,1.3,0.2,0.1,3.9
49421,93.8,0.2,0.6,0.2,0.0,5.3
49423,84.5,3.4,0.5,2.5,0.0,9.0
49424,77.3,2.2,0.3,7.3,0.0,12.899999999999999
49425,94.6,0.0,3.0,0.1,0.0,2.3
49426,94.4,0.9,0.1,1.6,0.0,3.0999999999999996
49428,94.2,0.9,0.3,0.8,0.0,3.7
49431,94.9,0.7,1.2,0.7,0.0,2.5
49434,100.0,0.0,0.0,0.0,0.0,0.0
49435,97.0,0.2,0.0,0.0,0.0,2.8
49436,93.2,0.1,0.8,0.0,0.0,5.9
49437,96.2,0.7,1.2,0.0,0.0,2.0
49440,80.3,8.1,4.3,1.1,0.0,6.2
49441,84.4,10.7,0.8,1.1,0.1,2.9
49442,71.4,20.5,0.8,0.2,0.0,7.0
49444,59.4,34.7,1.0,0.4,0.0,4.4
49445,94.0,1.5,0.4,0.5,0.0,3.6
49446,96.1,1.3,0.3,0.6,0.0,1.8
49448,96.8,1.0,0.0,0.4,0.0,1.8
49449,97.2,0.0,0.1,0.1,0.0,2.7
49450,84.4,0.2,0.0,0.0,0.0,15.4
49451,97.4,0.4,0.4,0.4,0.0,1.4
49452,94.5,0.4,1.9,0.1,0.0,3.0
49453,92.9,0.0,2.8,0.5,0.0,3.8000000000000003
49454,95.4,1.0,0.8,0.9,0.0,1.9
49455,94.3,0.8,1.2,0.1,0.0,3.5
49456,95.4,0.6,0.4,1.2,0.0,2.4
49457,94.1,1.8,0.6,0.5,0.0,3.1
49458,100.0,0.0,0.0,0.0,0.0,0.0
49459,92.8,0.1,3.4,0.0,0.0,3.7
49460,94.8,1.1,0.3,0.6,0.0,3.3000000000000003
49461,92.4,1.5,0.2,1.2,0.0,4.7
49464,91.3,0.9,0.3,4.1,0.0,3.3000000000000003
49503,70.9,13.9,0.7,1.8,0.0,12.8
49504,81.3,6.8,0.2,1.3,0.0,10.3
49505,76.4,14.8,0.2,2.6,0.1,6.0
49506,80.0,14.0,0.4,1.4,0.0,4.1
49507,42.7,32.3,0.3,0.7,0.0,23.799999999999997
49508,59.4,24.9,0.3,9.7,0.0,5.7
49509,67.6,9.2,0.8,1.9,0.1,20.4
49512,62.6,28.4,0.2,6.7,0.2,1.9000000000000001
49519,74.5,8.1,1.0,4.1,0.0,12.3
49525,89.6,3.6,0.0,2.9,0.0,3.8
49534,92.7,1.7,0.1,2.4,0.0,3.1
49544,87.1,4.8,0.1,2.5,0.0,5.6
49546,80.2,9.6,0.5,6.8,0.0,2.9
49548,72.1,10.3,0.8,4.5,0.1,12.2
49601,95.6,1.0,0.4,0.5,0.0,2.6
49611,100.0,0.0,0.0,0.0,0.0,0.0
49612,96.5,0.0,0.4,0.3,0.0,2.8
49613,96.2,3.1,0.7,0.0,0.0,0.0
49614,94.7,0.2,1.6,0.1,0.0,3.3000000000000003
49615,97.9,0.4,0.5,0.4,0.0,0.8
49616,87.4,0.1,4.8,2.2,0.0,5.5
49617,99.0,0.5,0.2,0.1,0.0,0.1
49618,93.1,0.0,0.3,1.6,1.9,3.1
49619,94.3,3.0,1.7,0.0,0.0,1.0
49620,95.8,0.2,0.8,1.0,0.4,1.8
49621,97.9,0.2,1.0,0.1,0.0,0.9
49622,98.4,0.0,0.4,0.3,0.0,0.8
49623,94.2,0.8,1.0,0.0,0.0,4.0
49625,97.4,0.0,1.2,0.1,0.0,1.3
49626,84.3,0.8,10.4,1.1,0.0,3.3
49627,91.8,0.0,4.1,0.0,0.0,4.1
49628,97.0,0.0,1.8,0.0,0.0,1.2
49629,98.4,0.0,0.0,0.0,0.0,1.6
49630,97.8,0.3,0.2,0.4,0.0,1.3
49631,95.1,0.9,1.8,0.5,0.0,1.6
49632,98.8,0.0,0.0,0.0,0.0,1.2999999999999998
49633,93.9,1.6,2.3,0.5,0.0,1.5999999999999999
49634,100.0,0.0,0.0,0.0,0.0,0.0
49635,99.2,0.2,0.1,0.1,0.0,0.4
49636,93.7,5.4,0.0,0.9,0.0,0.0
49637,94.2,0.0,0.0,4.1,0.0,1.7
49638,98.2,0.5,0.7,0.0,0.0,0.6
49639,95.4,0.4,0.3,0.0,0.0,3.9
49640,93.1,0.3,4.6,0.1,0.6,1.3
49642,63.9,27.6,1.2,0.0,0.3,7.0
49643,97.8,0.7,0.5,0.3,0.1,0.6
49644,96.7,0.0,1.4,0.5,0.0,1.4
49645,91.3,3.0,0.7,0.1,0.2,4.7
49646,95.9,0.5,0.8,0.7,0.0,2.1
49648,91.9,0.2,0.8,0.0,0.0,7.0
49649,93.0,2.0,0.8,0.8,0.0,3.3
49650,97.1,0.0,0.0,0.0,0.0,2.9
49651,95.5,0.8,0.7,0.3,0.0,2.8000000000000003
49653,97.3,0.6,0.0,0.0,0.0,2.1
49654,97.6,1.4,0.0,0.9,0.0,0.0
49655,98.2,0.4,0.2,0.0,0.0,1.2000000000000002
49656,97.7,0.0,0.1,0.4,0.0,1.8
49657,97.0,0.5,0.1,0.0,0.0,2.5
49659,95.1,0.9,0.9,0.6,0.0,2.5
49660,88.7,4.2,2.0,0.6,0.1,4.4
49663,96.1,0.5,0.8,0.3,0.2,2.1
49664,96.2,0.4,1.1,1.0,0.0,1.3
49665,96.9,0.2,1.4,0.3,0.0,1.1
49666,100.0,0.0,0.0,0.0,0.0,0.0
49667,98.4,0.0,0.0,0.0,0.0,1.6
49668,95.3,0.1,0.9,1.0,0.1,2.5
49670,93.5,0.2,0.7,0.0,0.9,4.8
49674,100.0,0.0,0.0,0.0,0.0,0.0
49675,93.5,0.0,0.0,0.0,0.0,6.5
49676,95.0,1.3,2.0,0.4,0.0,1.4000000000000001
49677,96.1,1.8,0.2,0.2,0.0,1.7000000000000002
49679,92.6,2.2,0.0,0.0,0.0,5.2
49680,97.9,0.0,1.0,0.2,0.0,0.9
49682,79.7,1.1,12.9,0.5,0.0,5.9
49683,92.6,0.2,4.5,0.1,0.0,2.6
49684,95.0,0.4,1.3,0.6,0.0,2.6999999999999997
49686,94.7,1.2,0.6,0.4,0.0,3.0999999999999996
49688,97.6,0.4,0.2,0.2,0.0,1.7
49689,96.9,0.1,1.9,0.2,0.0,0.9
49690,95.0,1.2,1.0,0.0,0.0,2.8
49701,81.9,7.5,3.7,0.6,0.0,6.3
49705,93.6,0.0,1.0,0.3,0.0,5.1
49706,86.9,0.1,6.8,0.3,0.0,5.9
49707,96.6,0.6,0.5,0.7,0.0,1.5999999999999999
49709,95.3,0.2,1.5,0.0,0.0,3.0
49710,88.0,0.0,8.9,0.0,0.0,3.1
49712,95.4,0.2,1.1,0.9,0.2,2.1
49713,95.6,0.5,1.3,0.0,0.0,2.6
49715,56.1,0.6,31.6,1.3,0.0,10.4
49716,95.4,0.3,3.8,0.6,0.0,0.0
49717,100.0,0.0,0.0,0.0,0.0,0.0
49718,92.1,0.8,4.9,0.0,0.2,2.1
49719,91.0,0.0,5.3,1.3,0.0,2.5
49720,94.7,0.8,2.4,0.3,0.0,1.8
49721,91.7,1.3,2.5,0.6,0.0,3.9
49722,99.0,0.0,0.0,0.0,0.0,1.0
49724,80.1,0.0,14.7,1.1,0.0,4.1
49725,78.4,0.0,18.2,0.6,0.0,2.8
49726,90.9,0.0,6.3,0.4,0.0,2.5
49727,95.9,0.2,0.9,0.6,0.0,2.4000000000000004
49728,80.7,0.4,7.3,4.0,0.0,7.7
49729,94.2,1.5,0.8,0.6,0.0,2.8
49730,97.0,0.6,0.2,0.3,0.0,2.0
49733,96.3,0.0,0.9,0.0,0.0,2.7
49735,95.2,0.8,0.3,0.6,0.0,3.1
49736,89.1,0.0,9.1,0.0,0.0,1.9
49738,96.3,1.0,0.1,1.3,0.0,1.3
49740,94.2,0.4,2.2,0.7,0.0,2.6
49743,96.7,0.4,0.1,1.4,0.0,1.3
49744,100.0,0.0,0.0,0.0,0.0,0.0
49745,68.3,0.0,20.5,0.0,0.0,11.2
49746,97.9,0.5,0.0,0.4,0.0,1.3
49747,96.7,0.1,0.0,0.5,0.2,2.5
49748,90.6,7.0,1.2,0.0,0.0,1.2
49749,95.7,0.5,0.4,0.0,0.0,3.5
49751,97.0,0.0,1.6,0.6,0.1,0.5
49752,81.4,10.1,7.8,0.0,0.0,0.8
49753,99.0,0.1,0.0,0.0,0.0,0.9
49755,92.6,0.6,3.5,0.3,0.1,3.0
49756,97.5,0.2,1.0,0.0,0.0,1.4
49757,69.2,16.9,10.3,1.4,0.0,2.2
49759,95.0,0.9,0.5,0.8,0.0,2.9
49760,70.2,0.0,26.3,0.0,0.0,3.6
49762,74.6,0.7,18.7,0.5,0.0,5.5
49764,100.0,0.0,0.0,0.0,0.0,0.0
49765,96.6,0.5,0.5,0.2,0.0,2.2
49766,97.8,0.7,0.0,0.8,0.0,0.7
49768,91.3,0.2,3.8,0.0,0.0,4.7
49769,87.6,0.7,6.0,0.7,0.0,4.9
49770,93.7,0.7,1.9,0.7,0.2,2.9000000000000004
49774,91.5,0.1,4.0,0.4,0.1,3.8
49775,100.0,0.0,0.0,0.0,0.0,0.0
49776,96.5,1.5,0.3,0.1,0.0,1.6
49777,98.8,0.0,0.0,0.9,0.0,0.3
49779,96.6,0.4,0.6,0.7,0.0,1.8
49780,85.2,2.4,6.0,0.4,0.0,6.1
49781,61.8,2.9,26.0,1.1,0.4,7.8999999999999995
49782,95.3,0.0,3.3,0.0,0.0,1.4
49783,74.4,2.4,13.5,1.0,0.2,8.6
49788,45.4,27.5,15.1,1.6,0.0,10.4
49791,94.4,0.0,0.0,0.0,0.0,5.6
49793,81.2,0.0,9.1,0.0,0.0,9.7
49795,97.8,0.0,0.6,0.2,0.2,1.3
49796,98.9,0.4,0.0,0.0,0.0,0.7
49799,93.1,0.0,3.3,0.7,0.0,2.9
49801,97.8,0.9,0.1,0.4,0.0,0.7
49802,90.2,0.9,3.2,1.2,0.0,4.4
49805,100.0,0.0,0.0,0.0,0.0,0.0
49806,85.5,1.0,8.1,0.8,0.0,4.6
49807,95.0,0.1,1.7,0.6,0.0,2.5
49808,95.5,0.9,0.0,0.0,0.0,3.6
49812,97.7,1.5,0.7,0.0,0.0,0.1
49814,96.0,0.0,1.0,0.0,0.1,2.8000000000000003
49815,100.0,0.0,0.0,0.0,0.0,0.0
49816,97.7,0.5,0.4,0.0,0.0,1.3
49817,85.6,0.0,3.3,0.7,0.0,10.4
49818,99.3,0.0,0.7,0.0,0.0,0.0
49819,100.0,0.0,0.0,0.0,0.0,0.0
49820,90.1,5.8,1.0,0.0,0.0,3.1
49821,97.2,0.1,0.6,0.2,0.0,2.0
49822,100.0,0.0,0.0,0.0,0.0,0.0
49825,100.0,0.0,0.0,0.0,0.0,0.0
49826,100.0,0.0,0.0,0.0,0.0,0.0
49827,89.4,0.0,10.0,0.0,0.0,0.6
49829,93.1,0.6,2.1,0.6,0.0,3.6
49831,97.2,0.0,1.8,0.2,0.0,0.7
49833,100.0,0.0,0.0,0.0,0.0,0.0
49834,95.5,0.0,0.0,0.0,0.0,4.5
49835,81.4,0.2,4.3,0.5,0.0,13.6
49836,88.7,1.2,5.8,0.1,0.0,4.2
49837,94.8,0.1,1.2,0.2,0.0,3.7
49838,83.0,6.2,5.5,0.0,0.7,4.6
49839,93.9,2.8,1.3,0.5,0.0,1.5
49840,93.4,0.0,5.1,0.2,0.0,1.3
49841,92.0,1.1,1.9,0.8,0.0,4.2
49847,93.5,0.0,0.7,0.4,0.0,5.5
49848,100.0,0.0,0.0,0.0,0.0,0.0
49849,95.1,0.8,0.4,0.8,0.0,3.0
49852,100.0,0.0,0.0,0.0,0.0,0.0
49853,96.1,0.0,0.5,0.0,0.0,3.4
49854,85.6,0.4,8.1,0.4,0.0,5.5
49855,91.5,2.7,0.7,1.3,0.1,3.5999999999999996
49858,96.1,0.4,0.3,0.4,0.0,2.9
49861,98.5,1.0,0.2,0.0,0.0,0.4
49862,77.7,13.2,5.2,0.1,0.0,3.8
49863,100.0,0.0,0.0,0.0,0.0,0.0
49864,100.0,0.0,0.0,0.0,0.0,0.0
49866,96.3,0.2,0.9,0.1,0.0,2.4
49868,76.0,8.1,7.6,0.6,0.2,7.5
49870,95.3,0.1,0.0,0.9,0.0,3.7
49871,97.5,0.0,1.1,0.0,0.0,1.4
49872,97.0,0.0,3.0,0.0,0.0,0.0
49873,100.0,0.0,0.0,0.0,0.0,0.0
49874,97.6,0.0,0.6,0.0,0.0,1.8
49876,100.0,0.0,0.0,0.0,0.0,0.0
49877,100.0,0.0,0.0,0.0,0.0,0.0
49878,93.7,0.0,2.3,0.2,0.1,3.7
49879,98.7,0.0,0.6,0.0,0.0,0.7
49880,93.6,0.1,2.4,0.6,0.2,3.2
49881,97.0,0.0,0.0,0.0,0.0,3.0
49883,83.1,0.8,4.2,0.0,0.0,11.9
49884,83.4,0.0,2.5,0.0,0.0,14.2
49885,92.7,1.2,0.9,1.5,0.0,3.6
49886,99.5,0.0,0.0,0.5,0.0,0.0
49887,97.3,0.5,0.0,0.3,0.0,1.9
49891,96.1,0.0,1.5,0.0,0.0,2.3000000000000003
49892,96.9,0.1,1.0,0.4,0.0,1.6
49893,99.0,0.1,0.0,0.3,0.0,0.6
49894,100.0,0.0,0.0,0.0,0.0,0.0
49895,95.2,0.0,0.8,0.0,0.0,4.0
49896,65.9,0.0,26.6,1.8,0.0,5.6
49901,100.0,0.0,0.0,0.0,0.0,0.0
49902,98.3,0.0,0.0,0.6,0.0,1.1
49903,91.1,0.0,0.0,0.0,0.0,8.9
49905,98.2,0.1,0.0,0.0,0.0,1.7
49908,55.4,21.3,13.7,0.8,0.1,8.7
49910,100.0,0.0,0.0,0.0,0.0,0.0
49911,96.9,1.4,0.4,0.7,0.0,0.5
49912,96.7,0.1,1.7,0.4,0.0,1.1
49913,94.9,0.6,0.3,0.2,0.0,4.0
49915,87.1,1.9,0.0,2.8,0.0,8.2
49916,98.3,0.0,0.0,0.4,0.5,0.7999999999999999
49917,97.0,0.0,0.0,1.0,0.0,2.0
49918,95.1,0.0,0.0,0.0,0.0,4.9
49919,93.3,0.0,1.7,0.0,0.0,5.0
49920,97.1,0.3,0.3,0.7,0.0,1.7000000000000002
49921,98.5,0.0,1.5,0.0,0.0,0.0
49922,100.0,0.0,0.0,0.0,0.0,0.0
49925,94.7,0.6,0.0,0.0,0.0,4.699999999999999
49927,95.4,3.8,0.4,0.2,0.0,0.2
49929,97.4,0.0,0.0,0.0,2.6,0.0
49930,94.7,0.2,0.3,1.3,0.0,3.5
49931,85.1,2.2,0.5,9.1,0.1,3.1999999999999997
49934,98.6,0.7,0.3,0.0,0.0,0.3
49935,95.4,0.4,2.8,0.4,0.0,0.9
49938,95.1,2.3,0.7,0.2,0.1,1.5
49942,91.8,0.0,8.2,0.0,0.0,0.0
49945,98.1,0.1,0.7,0.0,0.0,1.0
49946,82.1,1.6,9.7,0.2,0.0,6.4
49947,66.2,25.5,1.0,0.2,0.0,7.1
49948,94.4,1.9,2.0,0.0,0.0,1.7
49950,95.3,1.5,0.7,0.3,0.0,2.2
49952,98.2,0.0,1.8,0.0,0.0,0.0
49953,96.4,0.6,0.3,0.0,0.0,2.8000000000000003
49955,98.5,0.0,0.0,1.5,0.0,0.0
49958,99.3,0.0,0.0,0.0,0.0,0.7
49959,93.6,5.6,0.0,0.0,0.0,0.9
49960,93.1,0.0,0.0,0.0,0.0,6.9
49961,100.0,0.0,0.0,0.0,0.0,0.0
49962,91.1,0.0,1.7,0.0,0.0,7.2
49963,92.2,0.2,0.0,0.0,0.0,7.6
49965,99.0,0.0,0.0,0.0,0.0,1.0
49967,93.7,0.0,2.8,2.0,0.0,1.5
49968,97.4,0.3,0.0,0.8,0.0,1.5
49969,70.3,0.6,24.8,2.1,0.2,2.1
49970,99.0,0.0,0.0,0.0,0.0,1.0
49971,95.2,0.0,1.7,2.7,0.0,0.4
54540,99.0,0.0,0.4,0.0,0.0,0.5
54554,93.6,1.0,1.7,1.2,0.0,2.6
